15 0.086667 0.872024 0.073333 0.125000
15 0.125000 0.309524 0.076667 0.107143
15 0.150000 0.410714 0.086667 0.107143
15 0.296667 0.065476 0.066667 0.119048
15 0.343333 0.139881 0.066667 0.101190
15 0.405000 0.678571 0.070000 0.119048
15 0.406667 0.446429 0.066667 0.119048
15 0.475000 0.502976 0.063333 0.125000
15 0.591667 0.630952 0.076667 0.107143
15 0.623333 0.895833 0.066667 0.113095
15 0.520000 0.952381 0.066667 0.095238
15 0.496667 0.056548 0.080000 0.101190
15 0.566667 0.363095 0.060000 0.107143
15 0.611667 0.282738 0.056667 0.113095
15 0.745000 0.738095 0.070000 0.107143
15 0.790000 0.065476 0.086667 0.119048
15 0.958333 0.217262 0.076667 0.113095
15 0.873333 0.559524 0.066667 0.107143
15 0.973333 0.788690 0.053333 0.125000
